Start time                Stop time                 Normal vector             Bmin    L2/L3
2007  8 31 10 19  4.75    2007  8 31 10 19  5.14    [-0.067  0.952 -0.298]     -1.2      8.1 
2007  8 31 10 19  4.75    2007  8 31 10 19  5.23    [ 0.065 -0.973  0.221]     -0.1      9.0 
2007  8 31 10 19  2.75    2007  8 31 10 19  3.35    [-0.105 -0.948  0.301]     -0.7      5.6 
2007  8 31 10 19  4.67    2007  8 31 10 19  5.30    [ 0.022 -0.970  0.240]     -0.3     10.2 
2007  8 31 10 19  2.79    2007  8 31 10 19  3.49    [-0.125 -0.927  0.353]      0.0      6.5 
2007  8 31 10 19  2.45    2007  8 31 10 19  3.13    [-0.140  0.982 -0.130]      0.1     14.3 
2007  9  2 15 47 29.35    2007  9  2 15 47 30.91    [-0.590  0.710  0.385]      2.5     15.3 
2007  8 31 10 18 42.52    2007  8 31 10 19 27.89    [ 0.037  0.621 -0.783]      0.5      8.6
2007  8 31 10 18 34.98    2007  8 31 10 19 27.91    [ 0.123  0.539 -0.833]      0.1      9.6
2007  8 31 10 18 34.98    2007  8 31 10 19 27.91    [ 0.123  0.539 -0.833]      0.1      9.6   
2007  8 31 10 18 34.00    2007  8 31 10 19 27.00    [ 0.000  0.000  0.000]      0.0      9.0   GSM
2007  8 31 10 18 34.00    2007  8 31 10 19 27.00    [ 0.000  0.000  0.000]      0.0      9.0   GSM
2007  8 31 10 18 34.00    2007  8 31 10 19 27.00    [ 0.000  0.000  0.000]      0.0      9.0   GSf
2007  8 31 10 18 34.00    2007  8 31 10 19 27.00    [ 0.000  0.000  0.000]      0.0      9.0   GSf
2007  8 31 10 18 39.00    2007  8 31 10 19 26.00    [ 0.000  0.000  0.000]      0.0      9.0   GSE
2007  8 31 10 18 39.00    2007  8 31 10 19 26.00    [ 0.000  0.000  0.000]      0.0      9.0   GSE
2007  8 31 10 18 39.00    2007  8 31 10 19 26.00    [ 0.000  0.000  0.000]      0.0      9.0   GSE
2007  8 31 10 18 39.00    2007  8 31 10 19 26.00    [ 0.000  0.000  0.000]      0.0      9.0   GSE
2007  8 31 10 18 39.00    2007  8 31 10 19 26.00    [ 0.000  0.000  0.000]      0.0      9.0
  71 83 69 
2007  8 31 10 18 39.00    2007  8 31 10 19 26.00    [ 0.000  0.000  0.000]      0.0      9.0
  71 83 69 
2007  8 31 10 18 34.00    2007  8 31 10 19 27.00    [ 0.000  0.000  0.000]      0.0      9.0
  71 83 69 
2007  8 31 10 18 34.22    2007  8 31 10 19 27.62    [ 0.130  0.905 -0.406]      0.0      9.1
2007  8 31 10 18 36.01    2007  8 31 10 19 27.62    [ 0.113  0.913 -0.391]      0.1     10.1