2017-07-06T08:16:38.539521972Z 2017-07-06T08:16:38.554421630Z 2017-07-06T08:16:38.544262695Z 2017-07-06T08:16:38.549100341Z 2017-07-06T08:16:38.546681511Z -13167.9 -1267.0 -1040.3 13269.6  450  431  344  450 14.6 1.000 0.983 0.952 0.983
2017-07-06T08:16:38.554905517Z 2017-07-06T08:16:38.566419189Z 2017-07-06T08:16:38.558195068Z 2017-07-06T08:16:38.564483886Z 2017-07-06T08:16:38.561339451Z -11220.9 -2069.5 2649.2 11713.7  633  230  545  508 19.3 1.000 0.945 0.932 0.928
2017-07-06T08:16:38.608570068Z 2017-07-06T08:16:38.620712402Z 2017-07-06T08:16:38.612709472Z 2017-07-06T08:16:38.617194091Z 2017-07-06T08:16:38.614951739Z -12582.7 83.0 182.2 12584.3  422  826  429  365 16.9 1.000 0.918 0.819 0.880
2017-07-06T08:16:38.639179687Z 2017-07-06T08:16:38.647568603Z 2017-07-06T08:16:38.641732910Z 2017-07-06T08:16:38.645704589Z 2017-07-06T08:16:38.643718698Z -12690.7 -1298.3 919.4 12790.1  207  239  659   30 18.8 1.000 0.764 0.862 0.784
2017-07-06T08:16:38.647568603Z 2017-07-06T08:16:38.653485595Z 2017-07-06T08:16:38.648298339Z 2017-07-06T08:16:38.652553222Z 2017-07-06T08:16:38.650425748Z -15405.8 -1677.1 -266.6 15499.1  570  636  224  433 28.4 1.000 0.946 0.891 0.887
2017-07-06T08:16:38.665400146Z 2017-07-06T08:16:38.671681640Z 2017-07-06T08:16:38.666980712Z 2017-07-06T08:16:38.671114501Z 2017-07-06T08:16:38.669047563Z -13882.3 -169.8 504.2 13892.5  627  421  376  340 17.0 1.000 0.863 0.895 0.934
2017-07-06T08:16:38.671317138Z 2017-07-06T08:16:38.676666503Z 2017-07-06T08:16:38.671519775Z 2017-07-06T08:16:38.674599609Z 2017-07-06T08:16:38.673059721Z -14613.9 -1536.7 -2630.8 14928.1  514  492  617  374 16.4 1.000 0.901 0.936 0.939
2017-07-06T08:16:38.683407714Z 2017-07-06T08:16:38.692707031Z 2017-07-06T08:16:38.684879638Z 2017-07-06T08:16:38.688759765Z 2017-07-06T08:16:38.686819710Z -3027.8 1240.9 -1440.3 3575.2   63   44  118    9 5.7 1.000 0.815 0.930 0.675
2017-07-06T08:16:38.732688232Z 2017-07-06T08:16:38.743399658Z 2017-07-06T08:16:38.735425537Z 2017-07-06T08:16:38.738758056Z 2017-07-06T08:16:38.737091844Z -14226.8 -3961.5 -908.3 14796.0  280  573  214  257 13.6 1.000 0.920 0.858 0.784
2017-07-06T08:16:38.813902832Z 2017-07-06T08:16:38.824928222Z 2017-07-06T08:16:38.815929687Z 2017-07-06T08:16:38.820550781Z 2017-07-06T08:16:38.818240261Z -12257.2 -1614.5 -289.0 12366.5  463  336  544  223 32.5 1.000 0.800 0.921 0.935
2017-07-03T21:54:31.867248046Z 2017-07-03T21:54:31.950749755Z 2017-07-03T21:54:31.884620849Z 2017-07-03T21:54:31.920487304Z 2017-07-03T21:54:31.902554039Z 11372.3 11372.3 -1738.6 1402.0  627  265    1    1 1.0 NaN 2017-07-03T21:54:31.867248046Z 2017-07-03T21:54:31.950749755Z 2017-07-03T21:54:31.884620849Z 2017-07-03T21:54:31.920487304Z 2017-07-03T21:54:31.902554039Z 11372.3 11372.3 -1738.6 1402.0  627  265    1    1 1.0 NaN 12714.059 10030.516 