2017-07-06T13:54:27.444799072Z 2017-07-06T13:54:27.460617431Z 2017-07-06T13:54:27.449883544Z 2017-07-06T13:54:27.455909667Z 2017-07-06T13:54:27.452896678Z 12192.6 3871.0 997.5 12831.2 -253 -158 -129   27 1.0 0.746 0.923 0.862 
2017-07-06T13:54:27.492095703Z 2017-07-06T13:54:27.507460449Z 2017-07-06T13:54:27.496556640Z 2017-07-06T13:54:27.504073730Z 2017-07-06T13:54:27.500315190Z 9656.1 -2934.5 5863.0 11671.6   26  -82   30    1 0.9 0.888 0.935 
2017-07-06T13:54:27.545967773Z 2017-07-06T13:54:27.556293701Z 2017-07-06T13:54:27.549535156Z 2017-07-06T13:54:27.553064697Z 2017-07-06T13:54:27.551299930Z 12778.1 -1206.1 557.9 12847.0 -114 -120   45   17 1.0 0.851 0.833 0.783 
2017-07-06T13:54:27.735693603Z 2017-07-06T13:54:27.746994628Z 2017-07-06T13:54:27.739649169Z 2017-07-06T13:54:27.743604492Z 2017-07-06T13:54:27.741626792Z 12252.5 -1217.1 -1667.9 12425.2   -4   25  -96   -7 13.7 1.000 0.927 0.740 0.891
2017-07-06T13:54:27.812729003Z 2017-07-06T13:54:27.825348632Z 2017-07-06T13:54:27.816684570Z 2017-07-06T13:54:27.820263183Z 2017-07-06T13:54:27.818473901Z 10672.1 -938.4 -1490.7 10816.5    0    0  -55  -25 8.6 1.000 0.821 0.934 0.658
2017-07-06T13:54:28.331880371Z 2017-07-06T13:54:28.341447265Z 2017-07-06T13:54:28.335757568Z 2017-07-06T13:54:28.339131103Z 2017-07-06T13:54:28.337444320Z 10142.3 -2781.5 -2961.8 10925.9    2 -107   13    1 0.7 0.890 0.934 
2017-07-06T13:54:28.469007324Z 2017-07-06T13:54:28.479890624Z 2017-07-06T13:54:28.472532714Z 2017-07-06T13:54:28.476441650Z 2017-07-06T13:54:28.474487150Z 18448.2 -3143.0 -3547.7 19047.3  -47   36    1    1 0.9 0.967 
2017-07-06T13:54:28.527409179Z 2017-07-06T13:54:28.535226562Z 2017-07-06T13:54:28.530858154Z 2017-07-06T13:54:28.534153808Z 2017-07-06T13:54:28.532505984Z 18574.7 -2228.1 -9432.8 20951.4    2    7   29    1 0.9 0.785 0.846 
2017-07-06T13:54:28.542354248Z 2017-07-06T13:54:28.551398193Z 2017-07-06T13:54:28.545496582Z 2017-07-06T13:54:28.549329101Z 2017-07-06T13:54:28.547412812Z 20017.4 -3132.5 -6964.4 21424.6    2 -332    8   26 1.0 0.886 0.889 0.968 
2017-07-06T13:54:28.561205322Z 2017-07-06T13:54:28.568404296Z 2017-07-06T13:54:28.563466552Z 2017-07-06T13:54:28.566973632Z 2017-07-06T13:54:28.565220061Z 23006.4 -1209.5 -278.5 23039.9   54  -83   31    1 0.9 0.900 0.924 
2017-07-06T13:54:28.570480468Z 2017-07-06T13:54:28.578556152Z 2017-07-06T13:54:28.572972656Z 2017-07-06T13:54:28.576294921Z 2017-07-06T13:54:28.574633778Z 23496.1 -3529.0 -552.4 23766.1 -166   55   23    1 0.9 0.776 0.948 
2017-07-06T13:54:29.049204589Z 2017-07-06T13:54:29.066187500Z 2017-07-06T13:54:29.053346923Z 2017-07-06T13:54:29.059767333Z 2017-07-06T13:54:29.056557170Z 9673.3 -1584.9 -2553.6 10129.5   19 -193  -75 -107 21.0 1.000 0.964 0.944 0.888
2017-07-06T13:54:29.075507568Z 2017-07-06T13:54:29.091248046Z 2017-07-06T13:54:29.078614501Z 2017-07-06T13:54:29.085448974Z 2017-07-06T13:54:29.082031754Z 19284.1 -2303.7 -4908.4 20031.8   16 -820 -268    1 24.5 1.000 0.671 0.962 0.925
2017-07-06T13:54:29.033480957Z 2017-07-06T13:54:29.051353759Z 2017-07-06T13:54:29.036869873Z 2017-07-06T13:54:29.047801025Z 2017-07-06T13:54:29.042335440Z 11734.4 -3000.6 -420.5 12119.3  316  439  794  335 42.2 1.000 0.751 0.945 0.834
2017-07-06T13:54:29.463042724Z 2017-07-06T13:54:29.476655761Z 2017-07-06T13:54:29.469729003Z 2017-07-06T13:54:29.475453125Z 2017-07-06T13:54:29.472591039Z 8483.3 -1816.9 -2844.2 9130.0  292  344  204  241 32.4 1.000 0.917 0.856 0.865
2017-07-06T13:54:32.138608154Z 2017-07-06T13:54:32.151476806Z 2017-07-06T13:54:32.143135986Z 2017-07-06T13:54:32.149689453Z 2017-07-06T13:54:32.146412692Z 8221.0 -3790.6 828.1 9090.6  552  687  275  751 31.1 1.000 0.919 0.855 0.955
2017-07-06T13:54:32.162200683Z 2017-07-06T13:54:32.174235351Z 2017-07-06T13:54:32.165537109Z 2017-07-06T13:54:32.171375732Z 2017-07-06T13:54:32.168456425Z 11608.9 -4100.7 -1559.7 12410.3 1289 1304  950 1245 16.7 1.000 0.966 0.928 0.963
2017-07-06T13:54:32.183886962Z 2017-07-06T13:54:32.191750976Z 2017-07-06T13:54:32.185674072Z 2017-07-06T13:54:32.190083007Z 2017-07-06T13:54:32.187878550Z 14252.5 -3006.3 1578.2 14651.4 1231 1128 1113  943 26.9 1.000 0.960 0.931 0.925
2017-07-06T13:54:32.201283447Z 2017-07-06T13:54:32.210339355Z 2017-07-06T13:54:32.203547363Z 2017-07-06T13:54:32.209028564Z 2017-07-06T13:54:32.206287925Z 12069.3 -5553.0 3535.9 13747.9  925  961  686 1130 32.8 1.000 0.946 0.953 0.931
2017-07-06T13:54:32.209505126Z 2017-07-06T13:54:32.217607666Z 2017-07-06T13:54:32.210815917Z 2017-07-06T13:54:32.215462890Z 2017-07-06T13:54:32.213139425Z 14477.6 -2582.1 -2047.6 14847.9 1163 1089 1079 1052 23.6 1.000 0.957 0.971 0.955
2017-07-06T13:54:32.150642822Z 2017-07-06T13:54:32.163511474Z 2017-07-06T13:54:32.153145019Z 2017-07-06T13:54:32.161128173Z 2017-07-06T13:54:32.157136623Z 11465.3 -1635.3 -1674.7 11701.8  845  858  441  871 54.3 1.000 0.967 0.836 0.942
2017-07-06T13:54:32.243028320Z 2017-07-06T13:54:32.248750976Z 2017-07-06T13:54:32.244846191Z 2017-07-06T13:54:32.248145019Z 2017-07-06T13:54:32.246495571Z 14987.0 -4736.3 991.2 15748.9  720  819  692  845 26.9 1.000 0.965 0.966 0.892
2017-07-06T13:54:32.265649169Z 2017-07-06T13:54:32.274468505Z 2017-07-06T13:54:32.268342041Z 2017-07-06T13:54:32.271843017Z 2017-07-06T13:54:32.270092510Z 16568.5 -5597.9 2785.6 17709.0 1125 1000 1118 1066 26.0 1.000 0.908 0.932 0.941
2017-07-06T13:54:32.289145019Z 2017-07-06T13:54:32.296348632Z 2017-07-06T13:54:32.290962646Z 2017-07-06T13:54:32.293857666Z 2017-07-06T13:54:32.292410204Z 19081.0 -5162.8 15.2 19767.2  839  977  800 1021 19.3 1.000 0.963 0.959 0.983
2017-07-06T13:54:32.327721435Z 2017-07-06T13:54:32.332972412Z 2017-07-06T13:54:32.329875732Z 2017-07-06T13:54:32.331558593Z 2017-07-06T13:54:32.330717171Z 21545.7 -4439.7 722.1 22010.2  494  310  448  476 14.8 1.000 0.921 0.968 0.965
2017-07-06T13:54:32.332231933Z 2017-07-06T13:54:32.338156494Z 2017-07-06T13:54:32.333578369Z 2017-07-06T13:54:32.335867431Z 2017-07-06T13:54:32.334722897Z 19526.8 -4701.3 -2595.7 20251.9  995  959  894  839 21.0 1.000 0.981 0.958 0.939
2017-07-06T13:54:32.340134765Z 2017-07-06T13:54:32.347499999Z 2017-07-06T13:54:32.340995117Z 2017-07-06T13:54:32.345688964Z 2017-07-06T13:54:32.343342050Z 16457.5 -9135.4 -4314.3 19311.1 1001  890  799 1054 61.3 1.000 0.973 0.968 0.975
2017-07-06T13:54:32.348964111Z 2017-07-06T13:54:32.354533447Z 2017-07-06T13:54:32.350050781Z 2017-07-06T13:54:32.353205322Z 2017-07-06T13:54:32.351628099Z 19415.6 -6828.9 1488.7 20635.3  984  832  678 1014 20.2 1.000 0.929 0.920 0.964
2017-07-06T13:54:32.356118164Z 2017-07-06T13:54:32.360812011Z 2017-07-06T13:54:32.357491455Z 2017-07-06T13:54:32.360011962Z 2017-07-06T13:54:32.358751676Z 21340.8 -6548.7 511.5 22328.9  708  521  881  676 24.6 1.000 0.922 0.966 0.943
2017-07-06T13:54:32.372234619Z 2017-07-06T13:54:32.378964111Z 2017-07-06T13:54:32.373805664Z 2017-07-06T13:54:32.376398193Z 2017-07-06T13:54:32.375101946Z 20474.8 -10764.3 2172.3 23233.8  554  528  598  629 28.4 1.000 0.897 0.907 0.958
2017-07-06T13:54:32.381713623Z 2017-07-06T13:54:32.391847412Z 2017-07-06T13:54:32.382839599Z 2017-07-06T13:54:32.390328613Z 2017-07-06T13:54:32.386584142Z 23468.5 -6001.7 -840.8 24238.3  870  761  642  854 87.4 1.000 0.896 0.914 0.944
2017-07-06T13:54:32.403965332Z 2017-07-06T13:54:32.410452880Z 2017-07-06T13:54:32.405213867Z 2017-07-06T13:54:32.408055664Z 2017-07-06T13:54:32.406634782Z 25232.0 -8022.4 -3087.5 26656.1  593  966  318  711 13.0 1.000 0.807 0.855 0.960
2017-07-06T13:54:32.418827392Z 2017-07-06T13:54:32.426328613Z 2017-07-06T13:54:32.420620605Z 2017-07-06T13:54:32.423354492Z 2017-07-06T13:54:32.421987578Z 25630.8 -5051.3 -2684.1 26261.3  816  807  782  772 30.5 1.000 0.878 0.944 0.919
2017-07-06T13:54:32.427203369Z 2017-07-06T13:54:32.433414550Z 2017-07-06T13:54:32.428646728Z 2017-07-06T13:54:32.431227539Z 2017-07-06T13:54:32.429937109Z 20791.4 -3975.5 -4076.6 21557.0  407  245  568  306 19.8 1.000 0.826 0.956 0.913
2017-07-06T13:54:32.439533935Z 2017-07-06T13:54:32.445201171Z 2017-07-06T13:54:32.441447998Z 2017-07-06T13:54:32.443681152Z 2017-07-06T13:54:32.442564572Z 25232.0 -8022.4 -3087.5 26656.1  767  439  760  777 21.2 1.000 0.924 0.970 0.981
2017-07-06T13:54:32.476772460Z 2017-07-06T13:54:32.483402587Z 2017-07-06T13:54:32.479446533Z 2017-07-06T13:54:32.482288085Z 2017-07-06T13:54:32.480867269Z 23721.2 -5191.3 -4770.1 24746.7  317  240  329  363 27.2 1.000 0.920 0.953 0.919
2017-07-06T13:54:32.482566894Z 2017-07-06T13:54:32.487246826Z 2017-07-06T13:54:32.483792480Z 2017-07-06T13:54:32.485575439Z 2017-07-06T13:54:32.484683927Z 25232.0 -8022.4 -3087.5 26656.1  645  553  698  738 16.3 1.000 0.992 0.932 0.977
2017-07-06T13:54:32.487581298Z 2017-07-06T13:54:32.495381347Z 2017-07-06T13:54:32.491035400Z 2017-07-06T13:54:32.492484130Z 2017-07-06T13:54:32.491759775Z 26990.1 -8064.0 -346.4 28171.2  423  194  388  338 10.3 1.000 0.757 0.893 0.959
2017-07-06T13:54:32.495381347Z 2017-07-06T13:54:32.507192871Z 2017-07-06T13:54:32.497665527Z 2017-07-06T13:54:32.503014404Z 2017-07-06T13:54:32.500339928Z 20755.7 -8627.3 291.2 22479.2 1163  950  821 1331 83.8 1.000 0.946 0.905 0.985
2017-07-06T13:54:32.518274902Z 2017-07-06T13:54:32.525194091Z 2017-07-06T13:54:32.520360351Z 2017-07-06T13:54:32.522540283Z 2017-07-06T13:54:32.521450341Z 23682.7 -2645.0 -4301.5 24215.0  464  457  541  393 19.2 1.000 0.965 0.943 0.940
2017-07-06T13:54:32.528606689Z 2017-07-06T13:54:32.540833984Z 2017-07-06T13:54:32.531544921Z 2017-07-06T13:54:32.537800781Z 2017-07-06T13:54:32.534672854Z 22065.9 -6407.3 2639.6 23128.5 1137  916  647 1208 76.3 1.000 0.823 0.801 0.935
2017-07-06T13:54:32.559506835Z 2017-07-06T13:54:32.565194091Z 2017-07-06T13:54:32.560644287Z 2017-07-06T13:54:32.563961669Z 2017-07-06T13:54:32.562302965Z 20566.8 -2728.7 -852.2 20764.5  686  401  461  586 30.4 1.000 0.855 0.901 0.956
2017-07-06T13:54:32.586331298Z 2017-07-06T13:54:32.594388183Z 2017-07-06T13:54:32.589080078Z 2017-07-06T13:54:32.592113281Z 2017-07-06T13:54:32.590596659Z 21591.4 -4447.0 721.4 22056.4  557  340  317  639 27.0 1.000 0.937 0.917 0.958
2017-07-06T13:54:32.601497070Z 2017-07-06T13:54:32.608985107Z 2017-07-06T13:54:32.602918945Z 2017-07-06T13:54:32.606899902Z 2017-07-06T13:54:32.604909383Z 22114.0 -6423.0 2647.1 23179.5 1190 1161  572 1206 35.4 1.000 0.952 0.931 0.961
2017-07-06T13:54:32.611733886Z 2017-07-06T13:54:32.617610595Z 2017-07-06T13:54:32.613061035Z 2017-07-06T13:54:32.615525390Z 2017-07-06T13:54:32.614293182Z 22915.9 -8487.0 -1127.8 24463.0  313  181  243  290 23.9 1.000 0.861 0.858 0.934
2017-07-06T13:54:32.641189697Z 2017-07-06T13:54:32.648062500Z 2017-07-06T13:54:32.642916748Z 2017-07-06T13:54:32.645817626Z 2017-07-06T13:54:32.644367227Z 21415.1 -13434.2 703.9 25289.9  454  210  125  871 18.5 1.000 0.912 0.843 0.943
2017-07-06T13:54:32.655936767Z 2017-07-06T13:54:32.661876953Z 2017-07-06T13:54:32.657870605Z 2017-07-06T13:54:32.660702392Z 2017-07-06T13:54:32.659286513Z 24100.1 3400.8 818.7 24352.6 1250 1265  498 1509 28.3 1.000 0.944 0.841 0.955
2017-07-06T13:54:32.736016845Z 2017-07-06T13:54:32.743516845Z 2017-07-06T13:54:32.737922363Z 2017-07-06T13:54:32.741426757Z 2017-07-06T13:54:32.739674561Z 19307.8 -8589.5 3166.1 21368.1  559  529  660  584 44.4 1.000 0.889 0.960 0.951
2017-07-06T13:54:32.762267578Z 2017-07-06T13:54:32.770259521Z 2017-07-06T13:54:32.764788085Z 2017-07-06T13:54:32.769091552Z 2017-07-06T13:54:32.766939872Z 18059.4 -8395.5 -345.0 19918.5  882  635  607  865 31.6 1.000 0.933 0.958 0.971
2017-07-06T13:54:32.788094970Z 2017-07-06T13:54:32.801362792Z 2017-07-06T13:54:32.791953124Z 2017-07-06T13:54:32.797975097Z 2017-07-06T13:54:32.794964112Z 17097.6 -8378.9 2015.4 19146.7 1348 1042 1093 1344 80.7 1.000 0.880 0.940 0.966
2017-07-06T13:54:32.837683837Z 2017-07-06T13:54:32.844458740Z 2017-07-06T13:54:32.840224609Z 2017-07-06T13:54:32.843423828Z 2017-07-06T13:54:32.841824219Z 17986.3 -791.3 -810.3 18021.9  508  431  636  531 28.6 1.000 0.784 0.889 0.967
2017-07-06T13:54:32.849243896Z 2017-07-06T13:54:32.853671142Z 2017-07-06T13:54:32.849998779Z 2017-07-06T13:54:32.852586669Z 2017-07-06T13:54:32.851292736Z 20791.3 -3975.5 -4076.6 21556.9  393  201  347  353 23.7 1.000 0.838 0.882 0.912
2017-07-06T13:54:32.873239746Z 2017-07-06T13:54:32.881210449Z 2017-07-06T13:54:32.874995849Z 2017-07-06T13:54:32.877900634Z 2017-07-06T13:54:32.876448235Z 19612.8 618.2 -406.1 19626.7  523  511  783  547 31.2 1.000 0.918 0.940 0.955
2017-07-06T13:54:32.911338378Z 2017-07-06T13:54:32.918431152Z 2017-07-06T13:54:32.912216308Z 2017-07-06T13:54:32.916134277Z 2017-07-06T13:54:32.914175274Z 19744.5 -3259.1 1778.6 20090.6  585  526  710  502 36.8 1.000 0.875 0.962 0.949
2017-07-06T13:54:33.061798095Z 2017-07-06T13:54:33.071842773Z 2017-07-06T13:54:33.063405029Z 2017-07-06T13:54:33.068133789Z 2017-07-06T13:54:33.065769366Z 19361.5 -1338.5 -2058.8 19516.6  263  231  327  282 22.7 1.000 0.907 0.845 0.902
2017-07-06T13:54:33.089954101Z 2017-07-06T13:54:33.097495605Z 2017-07-06T13:54:33.092086914Z 2017-07-06T13:54:33.094991943Z 2017-07-06T13:54:33.093539420Z 17082.6 -1568.7 -8.9 17154.5  202  188  285  198 16.8 1.000 0.918 0.808 0.920
